benchmark   cov  rprt  brmn  blck  cybr  dpt   drvr  lvtr  flrt  frcl  grd   grpp  hn    lgst  mcnc  mprm  myst  nmys  pnst  prcp  prkn  pthw  pgsl  ppsw  ppsw  psr-  rvrs  scnl  skbn  strg  tdyb  tpp  trns  vstl  wdwr  zntr
lmffF29938  564  25    0     27    6     6     13    15    6     9     1     6     12    20    140   22    16    14    17    13    1     5     17    13    8     48    7     10    19    14    11    6    6     10    10    11
lmffL23231  562  24    0     27    6     6     13    15    6     9     1     6     12    20    140   22    16    14    17    13    1     5     17    13    8     48    7     10    19    14    11    6    6     10    9     11
lmffR10073  565  25    0     27    7     6     13    15    6     9     1     6     12    20    140   22    16    14    17    13    1     5     17    13    8     48    7     10    19    14    11    6    6     10    10    11
lmffR12596  565  24    0     27    7     6     13    15    6     9     1     6     12    20    140   22    16    14    17    13    1     5     17    13    8     48    7     10    19    14    11    6    6     10    11    11
lmffR14786  562  25    0     27    5     6     13    15    6     9     1     6     12    20    140   22    16    14    17    13    1     5     17    13    8     48    7     10    19    14    11    6    6     10    9     11
lmffR15836  563  25    0     27    5     6     13    15    6     9     1     6     12    20    140   22    16    14    17    13    1     5     17    13    8     48    7     10    19    14    11    6    6     10    10    11
lmffR22164  561  25    0     27    6     6     13    14    6     9     1     6     12    20    140   22    16    14    17    13    1     5     17    13    8     48    7     10    19    14    11    6    6     10    8     11
lmffR23260  564  25    0     27    6     6     13    15    6     9     1     6     12    20    140   22    16    14    17    13    1     5     17    13    8     48    7     10    19    14    11    6    6     10    10    11
lmffR23964  564  24    0     27    6     6     13    15    6     9     1     6     12    20    140   22    16    14    17    13    1     5     17    13    8     48    7     10    19    14    11    6    6     10    11    11
lmffR28355  565  25    0     27    6     6     13    15    6     9     1     6     12    20    140   22    16    14    17    13    1     5     17    13    8     48    7     10    19    14    11    6    6     10    11    11
lmffR29847  564  25    0     27    5     6     13    15    6     9     1     6     12    20    140   22    16    14    17    13    1     5     17    13    8     48    7     10    19    14    11    6    6     10    11    11
lmffR29987  566  25    0     27    6     6     13    15    6     9     1     6     12    20    140   22    16    14    17    13    1     5     17    13    8     48    7     10    19    14    11    6    6     10    12    11
lmfiF29938  563  25    0     27    6     6     13    14    6     9     1     6     12    20    140   22    16    14    17    13    1     5     17    13    8     48    7     10    19    14    11    6    6     10    10    11
lmfiL23231  560  24    0     27    5     6     13    15    6     9     1     6     12    20    140   22    16    14    17    13    1     5     17    13    8     48    7     10    19    14    11    6    6     10    8     11
lmfiR10073  560  24    0     27    5     6     13    14    6     9     1     6     12    20    140   22    16    14    17    13    1     5     17    13    8     48    7     10    19    14    11    6    6     10    9     11
lmfiR12596  562  24    0     27    5     6     13    14    6     9     1     6     12    20    140   22    16    14    17    13    1     5     17    13    8     48    7     10    19    14    11    6    6     10    11    11
lmfiR14786  560  25    0     27    5     6     13    14    6     9     1     6     11    20    140   22    16    14    17    13    1     5     17    13    8     48    7     10    19    14    11    6    6     10    9     11
lmfiR15836  562  25    0     27    6     6     13    14    6     9     1     6     12    20    140   22    16    14    17    13    1     5     17    13    8     48    7     10    19    14    11    6    6     10    9     11
lmfiR22164  562  25    0     27    6     6     13    14    6     9     1     6     12    20    140   22    16    14    17    13    1     5     17    13    8     48    7     10    19    14    11    6    6     10    9     11
lmfiR23260  561  25    0     27    5     6     13    14    6     9     1     6     12    20    140   22    16    14    17    13    1     5     17    13    8     48    7     10    19    14    11    6    6     10    9     11
lmfiR23964  564  24    0     27    7     6     13    14    6     9     1     6     12    20    140   22    16    14    17    13    1     5     17    13    8     48    7     10    19    14    11    6    6     10    11    11
lmfiR28355  563  25    0     27    5     6     13    14    6     9     1     6     12    20    140   22    16    14    17    13    1     5     17    13    8     48    7     10    19    14    11    6    6     10    11    11
lmfiR29847  563  24    0     27    6     6     13    14    6     9     1     6     12    20    140   22    16    14    17    13    1     5     17    13    8     48    7     10    19    14    11    6    6     10    11    11
lmfiR29987  565  25    0     27    6     6     13    14    6     9     1     6     12    20    140   22    16    14    17    13    1     5     17    13    8     48    7     10    19    14    11    6    6     10    12    11
lmgcF29938  558  23    0     28    0     6     13    15    6     9     1     6     12    20    140   20    15    14    18    13    1     5     17    14    8     48    7     10    19    15    12    6    6     10    10    11
lmgcL23231  566  26    0     28    1     6     13    15    6     9     1     6     12    20    140   22    16    14    18    13    1     5     17    15    8     48    7     10    19    15    12    6    6     10    10    11
lmgcR10073  559  24    0     28    0     6     13    15    6     9     1     6     12    20    140   20    15    14    18    13    1     5     17    14    8     48    7     10    19    15    12    6    6     10    10    11
lmgcR12596  559  23    0     28    1     6     13    15    6     9     1     6     12    20    140   20    15    14    18    13    1     5     17    14    8     48    7     10    19    15    12    6    6     10    10    11
lmgcR14786  559  23    0     28    0     6     13    15    6     9     1     6     12    20    140   20    15    14    18    13    1     5     17    15    8     48    7     10    19    15    12    6    6     10    10    11
lmgcR15836  561  23    0     28    1     6     13    15    6     9     1     6     12    20    140   21    15    14    18    13    1     5     17    15    8     48    7     10    19    15    12    6    6     10    10    11
lmgcR22164  560  23    0     28    1     6     13    15    6     9     1     6     12    20    140   20    15    14    18    13    1     5     17    15    8     48    7     10    19    15    12    6    6     10    10    11
lmgcR23260  558  23    0     28    1     6     13    15    6     9     1     6     12    20    140   20    15    14    18    13    1     5     17    14    8     48    7     10    19    14    12    6    6     10    10    11
lmgcR23964  560  24    0     28    1     6     13    15    6     9     1     6     12    20    140   20    15    14    18    13    1     5     17    14    8     48    7     10    19    15    12    6    6     10    10    11
lmgcR28355  561  24    0     28    1     6     13    15    6     9     1     6     12    20    140   20    15    14    18    13    1     5     17    15    8     48    7     10    19    15    12    6    6     10    10    11
lmgcR29847  560  24    0     28    1     6     13    15    6     9     1     6     12    20    140   20    15    14    18    13    1     5     17    14    8     48    7     10    19    15    12    6    6     10    10    11
lmgcR29987  561  25    0     28    0     6     13    15    6     9     1     6     12    20    140   20    15    14    18    13    1     5     17    15    8     48    7     10    19    15    12    6    6     10    10    11
lmhoF29938  536  24    0     27    6     5     12    12    6     8     1     6     11    17    140   20    15    13    10    13    1     5     16    12    7     48    7     10    17    14    11    6    6     10    9     11
lmhoL23231  535  24    0     27    4     5     12    12    6     8     1     6     11    17    140   21    15    13    10    13    1     5     16    12    7     48    7     10    17    14    11    6    6     10    9     11
lmhoR10073  533  24    0     27    5     5     12    12    6     8     1     6     11    17    140   19    15    13    10    13    1     5     16    12    7     48    7     10    17    14    10    6    6     10    9     11
lmhoR12596  534  23    0     27    6     5     12    12    6     8     1     6     11    17    140   20    15    13    10    13    1     5     16    12    7     48    7     10    17    14    10    6    6     10    9     11
lmhoR14786  534  24    0     27    5     5     12    12    6     8     1     6     11    17    140   19    15    13    10    13    1     5     16    12    7     48    7     10    17    14    11    6    6     10    9     11
lmhoR15836  537  24    0     27    6     5     12    12    6     8     1     6     11    17    140   21    15    13    10    13    1     5     16    12    7     48    7     10    17    14    11    6    6     10    9     11
lmhoR22164  534  24    0     27    6     5     12    12    6     8     1     6     11    17    140   20    15    13    9     13    1     5     16    12    7     48    7     10    17    14    10    6    6     10    9     11
lmhoR23260  537  24    0     27    6     5     12    12    6     8     1     6     11    17    140   21    15    13    10    13    1     5     16    12    7     48    7     10    17    14    11    6    6     10    9     11
lmhoR23964  535  24    0     27    5     5     12    12    6     8     1     6     11    17    140   20    15    13    10    13    1     5     16    12    7     48    7     10    17    14    11    6    6     10    9     11
lmhoR28355  535  23    0     27    6     5     12    12    6     8     1     6     11    17    140   20    15    13    10    13    1     5     16    12    7     48    7     10    17    14    11    6    6     10    9     11
lmhoR29847  533  24    0     27    4     5     12    12    6     8     1     6     11    17    140   20    15    13    10    13    1     5     16    12    7     48    7     10    17    14    10    6    6     10    9     11
lmhoR29987  534  24    0     27    5     5     12    12    6     8     1     6     11    17    140   20    15    13    10    13    1     5     16    12    7     48    7     10    17    14    10    6    6     10    9     11
lmo_F29938  534  24    0     27    5     5     12    12    6     8     1     6     11    17    140   20    15    13    10    13    1     5     16    12    7     48    7     8     17    14    10    6    6     10    11    11
lmo_L23231  534  25    0     27    3     5     12    12    6     8     1     6     11    17    140   21    15    13    10    13    1     5     16    12    7     48    7     10    17    14    11    6    6     10    8     11
lmo_R10073  530  24    0     27    4     5     12    12    6     8     1     6     11    17    140   19    15    13    10    13    1     5     16    12    7     48    7     8     17    14    10    6    6     10    9     11
lmo_R12596  533  23    0     27    6     5     12    12    6     8     1     6     11    17    140   20    15    13    10    13    1     5     16    12    7     48    7     9     17    14    10    6    6     10    9     11
lmo_R14786  536  24    0     27    7     5     12    12    6     8     1     6     11    17    140   19    15    13    10    13    1     5     16    12    7     48    7     9     17    14    10    6    6     10    11    11
lmo_R15836  536  24    0     27    7     5     12    12    6     8     1     6     11    17    140   21    15    13    10    13    1     5     16    12    7     48    7     9     17    14    10    6    6     10    9     11
lmo_R22164  533  24    0     27    7     5     12    12    6     8     1     6     11    17    140   19    15    13    10    13    1     5     16    12    7     47    7     9     17    14    11    6    6     10    8     11
lmo_R23260  536  24    0     27    5     5     12    12    6     8     1     6     11    17    140   21    15    13    10    13    1     5     16    12    7     48    7     9     17    14    11    6    6     10    10    11
lmo_R23964  533  25    0     27    5     5     12    12    6     8     1     6     11    17    140   20    15    13    10    13    1     5     16    12    7     48    7     9     17    14    10    6    6     10    8     11
lmo_R28355  536  23    0     27    7     5     12    12    6     8     1     6     11    17    140   20    15    13    10    13    1     5     16    12    7     48    7     9     17    14    11    6    6     10    10    11
lmo_R29847  533  24    0     27    5     5     12    12    6     8     1     6     11    17    140   20    15    13    10    13    1     5     16    12    7     48    7     8     17    14    10    6    6     10    10    11
lmo_R29987  535  24    0     27    5     5     12    12    6     8     1     6     11    17    140   20    15    13    10    13    1     5     16    12    7     48    7     9     17    14    10    6    6     10    11    11
mnffF8553   458  9     4     21    0     4     11    10    7     14    2     20    13    20    69    21    15    16    18    11    0     4     17    9     9     50    6     7     19    14    0     6    6     9     7     10
mnffL9217   457  9     4     20    0     4     11    10    7     14    2     20    13    20    69    21    15    16    18    11    0     4     17    9     9     50    6     7     19    14    0     6    6     9     7     10
mnffR10681  456  9     4     20    0     4     11    10    7     14    2     20    13    20    69    20    15    16    18    11    0     4     17    9     9     50    6     6     19    14    0     6    6     9     8     10
mnffR13812  458  9     4     20    0     4     11    10    7     14    2     20    13    20    70    21    15    16    18    11    0     4     17    9     9     50    6     7     19    14    0     6    6     9     7     10
mnffR22397  459  9     4     21    0     4     11    10    7     14    2     20    13    20    69    22    15    16    18    11    0     4     17    9     9     50    6     7     19    14    0     6    6     9     7     10
mnffR28055  458  9     4     20    0     4     11    10    7     14    2     20    13    20    69    22    15    16    18    11    0     4     17    9     9     50    6     7     19    14    0     6    6     9     7     10
mnffR30491  455  9     4     20    0     4     11    10    7     14    2     20    13    20    69    20    15    16    18    11    0     4     17    8     9     50    6     7     19    14    0     6    6     9     7     10
mnffR31130  456  9     4     20    0     4     11    10    7     14    2     20    13    20    69    21    15    16    18    11    0     4     17    8     9     50    6     7     19    14    0     6    6     9     7     10
mnffR31463  457  9     4     20    0     4     11    10    7     14    2     20    13    20    69    22    15    16    18    11    0     4     17    8     9     50    6     7     19    14    0     6    6     9     7     10
mnffR6121   458  9     4     20    0     4     11    10    7     14    2     20    13    20    70    21    15    16    18    11    0     4     17    9     9     50    6     7     19    14    0     6    6     9     7     10
mnffR827    456  9     4     20    0     4     11    10    7     14    2     20    13    20    69    21    15    16    18    11    0     4     17    9     9     50    6     6     19    14    0     6    6     9     7     10
mnffR9294   457  9     4     20    0     4     11    10    7     14    2     20    13    20    69    22    15    16    18    11    0     4     17    9     8     50    6     7     19    14    0     6    6     9     7     10
mnfiF8553   457  9     4     20    0     4     11    10    7     14    2     20    13    20    69    21    15    16    18    11    0     4     17    9     9     50    6     7     19    14    0     6    6     9     7     10
mnfiL9217   457  9     4     20    0     4     11    10    7     14    2     20    13    20    69    21    15    16    18    11    0     4     17    9     9     50    6     7     19    14    0     6    6     9     7     10
mnfiR10681  455  9     4     20    0     4     11    10    7     14    2     20    13    20    69    20    15    16    17    11    0     4     17    9     9     50    6     6     19    14    0     6    6     9     8     10
mnfiR13812  458  9     4     20    0     4     11    10    7     14    2     20    13    20    70    21    15    16    18    11    0     4     17    9     9     50    6     7     19    14    0     6    6     9     7     10
mnfiR22397  458  9     4     20    0     4     11    10    7     14    2     20    13    20    69    22    15    16    18    11    0     4     17    9     9     50    6     7     19    14    0     6    6     9     7     10
mnfiR28055  458  9     4     20    0     4     11    10    7     14    2     20    13    20    69    22    15    16    18    11    0     4     17    9     9     50    6     7     19    14    0     6    6     9     7     10
mnfiR30491  457  9     4     20    0     4     11    10    7     14    2     20    13    20    69    21    15    16    18    11    0     4     17    9     9     50    6     7     19    14    0     6    6     9     7     10
mnfiR31130  455  9     4     20    0     4     11    10    7     14    2     20    13    20    69    21    15    16    17    11    0     4     17    8     9     50    6     7     19    14    0     6    6     9     7     10
mnfiR31463  457  9     4     20    0     4     11    10    7     14    2     20    13    20    69    22    15    16    18    11    0     4     17    8     9     50    6     7     19    14    0     6    6     9     7     10
mnfiR6121   457  9     4     20    0     4     11    10    7     14    2     20    13    20    70    21    15    16    17    11    0     4     17    9     9     50    6     7     19    14    0     6    6     9     7     10
mnfiR827    456  9     4     20    0     4     11    10    7     14    2     20    13    20    69    21    15    16    18    11    0     4     17    9     9     50    6     6     19    14    0     6    6     9     7     10
mnfiR9294   457  9     4     20    0     4     11    10    7     14    2     20    13    20    69    22    15    16    18    11    0     4     17    9     8     50    6     7     19    14    0     6    6     9     7     10
mngcF8553   494  9     4     22    0     5     12    13    6     17    2     20    14    20    73    23    15    18    19    10    1     4     19    10    13    50    8     11    20    15    0     6    7     9     7     12
mngcL9217   495  9     4     22    0     6     12    13    6     17    2     20    14    20    73    23    15    18    19    10    1     4     19    10    13    50    8     11    20    15    0     6    7     9     7     12
mngcR10681  492  9     4     22    0     5     12    13    6     16    2     20    14    20    73    23    15    18    19    10    1     4     19    10    13    50    7     11    20    15    0     6    6     9     8     12
mngcR13812  0    0     0     0     0     0     0     0     0     0     0     0     0     0     0     0     0     0     0     0     0     0     0     0     0     0     0     0     0     0     0     0    0     0     0     0
mngcR22397  0    0     0     0     0     0     0     0     0     0     0     0     0     0     0     0     0     0     0     0     0     0     0     0     0     0     0     0     0     0     0     0    0     0     0     0
mngcR28055  0    0     0     0     0     0     0     0     0     0     0     0     0     0     0     0     0     0     0     0     0     0     0     0     0     0     0     0     0     0     0     0    0     0     0     0
mngcR30491  0    0     0     0     0     0     0     0     0     0     0     0     0     0     0     0     0     0     0     0     0     0     0     0     0     0     0     0     0     0     0     0    0     0     0     0
mngcR31130  0    0     0     0     0     0     0     0     0     0     0     0     0     0     0     0     0     0     0     0     0     0     0     0     0     0     0     0     0     0     0     0    0     0     0     0
mngcR31463  489  9     4     22    0     5     12    13    6     16    2     20    14    20    73    22    15    18    19    10    1     4     19    9     13    50    8     11    20    15    0     6    6     9     7     11
mngcR6121   0    0     0     0     0     0     0     0     0     0     0     0     0     0     0     0     0     0     0     0     0     0     0     0     0     0     0     0     0     0     0     0    0     0     0     0
mngcR827    490  9     4     22    0     5     12    13    6     16    2     20    14    20    73    23    15    18    19    10    1     4     19    9     13    50    8     11    20    15    0     6    6     9     7     11
mngcR9294   0    0     0     0     0     0     0     0     0     0     0     0     0     0     0     0     0     0     0     0     0     0     0     0     0     0     0     0     0     0     0     0    0     0     0     0
mnhoF8553   476  7     4     21    0     5     12    13    6     15    2     20    14    20    72    20    15    18    18    10    1     4     19    6     12    50    7     10    18    15    0     6    7     9     8     12
mnhoL9217   475  7     4     21    0     5     12    13    6     15    2     20    14    20    72    19    15    18    19    10    1     4     19    5     12    50    8     10    18    15    0     6    7     9     8     11
mnhoR10681  472  7     4     21    0     5     12    12    6     15    2     20    14    20    72    20    15    18    18    10    1     4     19    5     12    50    7     9     18    15    0     6    6     9     9     11
mnhoR13812  469  7     4     21    0     5     12    12    6     15    2     20    14    20    71    19    15    18    18    10    0     4     19    7     12    50    6     10    18    15    0     6    6     9     8     10
mnhoR22397  471  7     4     21    0     5     12    12    6     15    2     20    14    20    72    19    15    18    18    10    1     4     19    6     12    50    6     10    18    15    0     6    6     9     8     11
mnhoR28055  470  7     4     21    0     5     12    12    6     15    2     20    14    20    73    19    15    18    18    10    0     4     19    5     12    50    6     10    18    15    0     6    6     9     8     11
mnhoR30491  472  7     4     21    0     5     12    12    6     15    2     20    14    20    72    19    15    18    18    10    1     4     19    7     12    50    6     10    18    15    0     6    6     9     8     11
mnhoR31130  471  7     4     21    0     5     12    12    6     15    2     20    14    20    72    19    15    18    18    10    1     4     19    6     12    50    6     10    18    15    0     6    6     9     8     11
mnhoR31463  471  7     4     21    0     5     12    12    6     15    2     20    14    20    72    19    15    18    18    10    1     4     19    6     12    50    6     10    18    15    0     6    6     9     8     11
mnhoR6121   471  7     4     21    0     5     12    12    6     15    2     20    14    20    72    20    15    18    18    10    1     4     19    5     12    50    6     10    18    15    0     6    6     9     8     11
mnhoR827    471  7     4     21    0     5     12    12    6     15    2     20    14    20    72    20    15    18    18    10    1     4     19    6     12    50    6     9     18    15    0     6    6     9     8     11
mnhoR9294   468  7     4     21    0     5     12    12    6     15    2     20    14    20    72    19    15    18    18    10    0     4     19    5     11    50    6     10    18    15    0     6    6     9     8     11
mno_F8553   477  7     4     22    0     5     12    13    6     15    2     20    14    20    72    19    15    18    18    10    1     4     19    6     12    50    8     10    18    15    0     6    7     9     8     12
mno_L9217   475  7     4     21    0     5     12    13    6     15    2     20    14    20    72    19    15    18    19    10    1     4     19    5     12    50    8     10    18    15    0     6    7     9     8     11
mno_R10681  471  7     4     21    0     5     12    12    6     15    2     20    14    20    72    20    15    18    18    10    1     4     19    5     12    50    6     9     18    15    0     6    6     9     9     11
mno_R13812  469  7     4     21    0     5     12    12    6     15    2     20    14    20    71    19    15    18    18    10    0     4     19    7     12    50    6     10    18    15    0     6    6     9     8     10
mno_R22397  470  7     4     21    0     5     12    12    6     15    2     20    14    20    72    19    15    18    18    10    0     4     19    6     12    50    6     10    18    15    0     6    6     9     8     11
mno_R28055  471  7     4     21    0     5     12    12    6     15    2     20    14    20    73    19    15    18    18    10    1     4     19    5     12    50    6     10    18    15    0     6    6     9     8     11
mno_R30491  470  7     4     21    0     5     12    12    6     15    2     20    14    20    72    19    15    18    18    10    0     4     19    6     12    50    6     10    18    15    0     6    6     9     8     11
mno_R31130  470  7     4     21    0     5     12    12    6     15    2     20    14    20    72    19    15    18    18    10    0     4     19    6     12    50    6     10    18    15    0     6    6     9     8     11
mno_R31463  470  7     4     21    0     5     12    12    6     15    2     20    14    20    72    19    15    18    18    10    1     4     19    5     12    50    6     10    18    15    0     6    6     9     8     11
mno_R6121   471  7     4     21    0     5     12    12    6     15    2     20    14    20    72    20    15    18    18    10    1     4     19    5     12    50    6     10    18    15    0     6    6     9     8     11
mno_R827    472  7     4     21    0     5     12    12    6     15    2     20    14    20    72    20    15    18    18    10    1     4     19    6     12    50    6     10    18    15    0     6    6     9     8     11
mno_R9294   469  7     4     21    0     5     12    12    6     15    2     20    14    20    72    19    15    18    18    10    1     4     19    5     11    50    6     10    18    15    0     6    6     9     8     11
zerocost    cov  rprt  blck  dpt-  drvr  lvtr  flrt  frcl  grd-  grpp  hkng  lgst  mcnc  mprm  myst  nmys  prkn  pthw  ppsn  ppsw  psr-  rvrs  scnl  skbn  strg  tdyb  tpp-  wdwr  zntr
lmffF       337  13    17    6     8     20    9     17    1     6     9     15    15    30    8     10    20    5     9     7     19    8     15    17    4     15    8     19    7
lmffL557    340  11    17    6     8     20    8     18    1     6     9     15    21    23    8     10    20    5     9     8     19    9     15    17    4     16    10    20    7
lmffR11676  339  11    17    6     8     20    9     18    1     6     9     15    17    28    8     10    20    5     9     7     19    8     15    17    4     16    9     20    7
lmffR16847  345  12    17    6     8     20    9     19    1     6     9     15    18    30    8     10    20    5     9     7     19    8     15    17    5     16    9     20    7
lmffR19048  342  12    17    6     8     20    9     17    1     6     9     15    19    28    8     10    20    5     9     7     19    8     15    17    4     16    10    20    7
lmffR21723  343  11    17    6     8     20    9     19    1     6     9     15    18    29    8     10    20    5     9     7     19    8     15    17    5     16    9     20    7
lmffR22622  340  12    17    6     8     20    8     17    1     6     9     15    18    29    8     10    20    5     9     7     19    8     15    17    4     16    9     20    7
lmffR32541  339  12    17    6     8     20    8     18    1     6     9     15    17    28    8     10    20    5     9     7     19    8     15    17    4     16    9     20    7
lmffR3265   342  12    17    6     8     20    9     18    1     6     9     15    20    27    8     10    20    5     9     7     19    8     15    17    4     16    9     20    7
lmffR3533   341  11    17    6     8     20    9     18    1     6     9     15    18    28    8     10    20    5     9     7     19    8     15    17    5     16    9     20    7
lmffR6535   338  12    17    6     8     20    8     17    1     6     9     15    16    28    8     10    20    5     9     8     19    8     15    17    4     16    9     20    7
lmffR9031   343  12    17    6     8     20    9     19    1     6     9     15    17    29    8     10    20    5     9     7     19    8     15    17    4     16    10    20    7
lmfiF       340  13    17    6     8     20    9     17    1     6     9     15    15    30    8     10    20    5     9     7     19    8     15    17    4     16    10    19    7
lmfiL557    342  11    17    6     8     20    8     18    1     6     9     15    21    27    8     10    20    5     9     7     19    8     15    17    4     16    10    20    7
lmfiR11676  343  11    17    6     8     20    9     17    1     6     9     15    18    29    8     10    20    5     9     8     19    8     15    17    5     16    10    20    7
lmfiR16847  347  12    17    6     8     20    9     18    1     6     9     15    20    29    8     10    20    5     9     8     19    8     15    17    5     16    10    20    7
lmfiR19048  342  11    17    6     8     20    9     18    1     6     9     15    17    29    8     10    20    5     9     7     19    8     15    17    5     16    10    20    7
lmfiR21723  344  11    17    6     8     20    9     18    1     6     9     15    17    30    8     10    20    5     9     8     19    8     15    17    5     16    10    20    7
lmfiR22622  345  12    17    6     8     20    8     18    1     6     9     15    19    30    8     10    20    5     9     8     19    8     15    17    4     16    10    20    7
lmfiR32541  344  12    17    6     8     20    8     18    1     6     9     15    18    30    8     10    20    5     9     7     19    8     15    17    5     16    10    20    7
lmfiR3265   346  12    17    6     8     20    9     20    1     6     9     15    19    28    8     10    20    5     9     8     19    8     15    17    5     15    10    20    7
lmfiR3533   346  12    17    6     8     20    9     19    1     6     9     15    18    30    8     10    20    5     9     8     19    8     15    17    4     16    10    20    7
lmfiR6535   342  12    17    6     8     20    8     19    1     6     9     15    16    29    8     10    20    5     9     7     19    8     15    17    5     16    10    20    7
lmfiR9031   344  12    17    6     8     20    9     18    1     6     9     15    17    29    8     10    20    5     9     8     19    8     15    17    5     16    10    20    7
lmgcF       322  11    17    6     8     20    8     11    1     7     9     16    17    15    5     10    20    5     10    7     19    9     19    18    4     16    8     19    7
lmgcL557    334  15    17    6     8     20    8     19    1     7     9     16    16    14    5     10    20    5     10    7     19    9     19    18    4     16    10    19    7
lmgcR22622  325  10    17    6     8     20    8     11    1     7     9     16    17    16    7     10    20    5     10    7     19    9     19    18    5     16    8     19    7
lmgcR32541  322  11    17    6     8     20    8     11    1     7     9     16    17    15    6     10    20    5     10    7     19    9     19    18    4     15    8     19    7
lmgcR6535   325  10    17    6     8     20    8     11    1     7     9     16    18    17    7     10    20    4     10    7     19    9     19    18    4     16    8     19    7
lmhoF       305  14    15    6     8     20    8     12    1     6     8     15    14    20    6     10    13    5     8     5     19    7     16    16    4     14    8     20    7
lmhoL557    309  12    15    6     8     20    8     14    1     6     8     15    17    16    5     10    15    5     8     5     19    7     18    16    4     14    10    20    7
lmhoR11676  309  13    15    6     8     20    8     13    1     6     8     15    15    20    6     10    17    4     7     5     19    7     16    16    4     14    9     20    7
lmhoR16847  305  12    15    6     8     20    8     14    1     6     8     15    16    20    6     10    14    4     8     5     19    7     14    16    4     14    8     20    7
lmhoR19048  305  12    15    6     8     20    8     13    1     6     8     15    15    20    6     10    16    4     7     5     19    7     15    16    4     14    8     20    7
lmhoR21723  304  14    15    6     8     20    8     13    1     6     8     15    15    21    5     10    12    4     8     5     19    7     15    16    4     14    8     20    7
lmhoR22622  305  12    15    6     8     20    8     14    1     6     8     15    14    20    6     10    13    4     8     5     19    7     16    16    4     14    9     20    7
lmhoR32541  310  12    15    6     8     20    8     13    1     6     8     15    17    21    6     10    15    4     8     5     19    7     17    16    4     14    8     20    7
lmhoR3265   306  14    15    6     8     20    8     13    1     6     8     15    15    19    6     10    15    4     8     5     19    7     15    16    4     14    8     20    7
lmhoR3533   305  13    15    6     8     20    8     13    1     6     8     15    15    20    6     10    14    4     8     5     19    7     15    16    4     14    8     20    7
lmhoR6535   304  13    15    6     8     20    8     13    1     6     8     15    14    20    6     10    14    4     8     5     19    7     15    16    4     14    8     20    7
lmhoR9031   300  12    15    6     8     20    8     13    1     6     8     15    15    18    6     10    13    4     8     5     19    7     13    16    4     14    9     20    7
lmo_F       295  13    15    6     8     20    8     12    1     6     8     15    14    19    7     10    13    5     7     5     19    7     8     16    4     14    8     20    7
lmo_L557    303  12    15    6     8     20    8     14    1     6     8     15    17    16    6     10    14    5     8     6     19    7     11    16    4     14    10    20    7
lmo_R11676  306  14    15    6     8     20    8     13    1     6     8     15    15    19    7     10    17    4     8     5     19    7     10    16    4     14    10    20    7
lmo_R16847  302  12    15    6     8     19    8     15    1     6     8     15    15    19    7     10    14    5     8     5     19    7     10    16    4     14    9     20    7
lmo_R19048  302  12    15    6     8     20    8     13    1     6     8     15    15    20    7     10    16    4     8     5     19    7     10    16    4     14    8     20    7
lmo_R21723  300  14    15    6     8     20    8     13    1     6     8     15    16    19    6     10    12    4     8     6     19    7     9     16    4     14    9     20    7
lmo_R22622  299  12    15    6     8     20    8     14    1     6     8     15    14    19    7     10    13    4     7     5     19    7     11    16    4     14    9     20    7
lmo_R32541  301  12    15    6     8     20    8     13    1     6     8     15    16    20    7     10    15    4     7     5     19    7     10    16    4     14    8     20    7
lmo_R3265   299  12    15    6     8     20    8     13    1     6     8     15    15    18    7     10    15    4     7     5     19    7     11    16    4     14    8     20    7
lmo_R3533   300  12    15    6     8     20    8     13    1     6     8     15    15    19    7     10    14    4     8     5     19    7     10    16    4     14    9     20    7
lmo_R6535   300  14    15    6     8     20    8     13    1     6     8     15    15    19    7     10    13    4     8     5     19    7     10    16    4     14    8     20    7
lmo_R9031   298  13    15    6     8     20    8     13    1     6     8     15    15    18    7     10    13    4     8     5     19    7     10    16    4     14    8     20    7
mnffF       336  5     20    4     9     20    9     17    2     20    11    16    30    28    3     15    10    4     5     5     19    8     15    18    4     0     10    20    9
mnffL29587  331  5     19    4     9     20    8     17    2     20    11    16    30    23    3     15    10    4     5     5     19    8     16    18    4     0     11    20    9
mnffR12231  341  5     20    4     9     20    9     18    2     20    11    16    30    28    3     15    10    4     5     6     19    8     16    19    4     0     11    20    9
mnffR15442  338  5     20    4     9     20    8     18    2     20    11    16    30    27    3     15    10    4     5     6     19    8     15    19    4     0     11    20    9
mnffR15753  337  5     20    4     9     20    8     17    2     20    11    16    30    28    3     15    10    4     5     5     19    8     16    18    4     0     11    20    9
mnffR20425  338  5     20    4     9     20    9     18    2     20    11    16    30    27    3     15    10    4     5     6     19    8     16    18    4     0     10    20    9
mnffR22678  339  5     20    4     9     20    9     17    2     20    11    16    30    28    3     15    10    4     5     6     19    8     16    18    4     0     11    20    9
mnffR24008  335  5     19    4     9     20    9     17    2     20    11    16    30    28    3     15    10    4     5     4     19    8     15    18    4     0     11    20    9
mnffR27265  341  5     20    4     9     20    9     17    2     20    11    16    30    27    3     15    13    4     5     6     19    8     16    18    4     0     11    20    9
mnffR29179  336  5     20    4     9     20    9     18    2     20    11    16    30    26    3     15    10    4     5     5     19    8     15    18    4     0     11    20    9
mnffR32051  336  5     20    4     9     20    9     17    2     20    11    16    30    28    3     15    10    4     5     5     19    8     14    18    4     0     11    20    9
mnffR6746   335  5     20    4     9     20    8     17    2     20    11    16    30    27    3     15    10    4     5     5     19    8     15    18    4     0     11    20    9
mnfiF       337  5     20    4     9     20    9     17    2     20    11    16    30    28    3     15    10    4     5     5     19    8     15    18    4     0     11    20    9
mnfiL29587  333  5     20    4     9     20    8     17    2     20    11    16    30    25    3     15    10    4     5     5     19    8     15    18    4     0     11    20    9
mnfiR12231  339  5     20    4     9     20    9     18    2     20    11    16    30    28    3     15    10    4     5     6     19    8     16    18    4     0     11    20    8
mnfiR15442  336  5     19    4     9     20    8     17    2     20    11    16    30    28    3     15    10    4     5     6     19    8     15    18    4     0     11    20    9
mnfiR15753  337  5     20    4     9     20    9     17    2     20    11    16    30    27    3     15    10    4     5     5     19    8     16    18    4     0     11    20    9
mnfiR20425  337  5     20    4     9     20    9     18    2     20    11    16    30    27    3     15    10    4     5     6     19    8     15    18    4     0     10    20    9
mnfiR22678  340  5     20    4     9     20    9     17    2     20    11    16    30    29    3     15    10    4     5     6     19    8     16    18    4     0     11    20    9
mnfiR24008  338  5     20    4     9     20    9     16    2     20    11    16    30    27    3     15    13    4     5     5     19    8     15    18    4     0     11    20    9
mnfiR27265  336  5     20    4     9     20    8     17    2     20    11    16    30    27    3     15    10    4     5     6     19    8     15    18    4     0     11    20    9
mnfiR29179  338  5     20    4     9     20    9     18    2     20    11    16    30    28    3     15    10    4     5     5     19    8     15    18    4     0     11    20    9
mnfiR32051  337  5     20    4     9     20    9     18    2     20    11    16    30    28    3     15    10    4     5     5     19    8     14    18    4     0     11    20    9
mnfiR6746   338  5     20    4     9     20    9     18    2     20    11    16    30    27    3     15    10    4     5     6     19    8     15    18    4     0     11    20    9
mngcF       336  5     20    6     9     20    8     12    2     20    13    16    30    21    6     16    10    4     5     10    19    8     17    18    4     0     8     19    10
mngcL29587  342  5     20    6     9     20    8     17    2     20    13    16    30    19    4     16    10    4     5     10    19    8     19    19    4     0     10    19    10
mngcR15753  341  5     20    6     9     20    8     14    2     20    13    16    30    19    6     16    11    4     5     10    19    8     19    18    4     0     9     20    10
mngcR29179  336  5     20    6     9     20    8     12    2     20    12    16    30    19    6     16    10    4     5     10    19    8     18    18    4     0     9     20    10
mngcR6746   340  5     20    6     9     20    8     13    2     20    13    16    30    19    6     16    12    4     5     10    19    8     18    18    4     0     9     20    10
mnhoF       307  1     20    6     9     19    8     13    2     20    13    16    22    21    5     16    2     4     1     8     19    8     14    17    4     0     9     20    10
mnhoL29587  306  1     20    6     9     19    8     13    2     20    13    16    22    17    5     16    2     4     2     8     19    8     15    17    4     0     10    20    10
mnhoR12231  306  1     20    6     9     19    8     12    2     20    12    16    22    20    5     16    2     4     2     8     19    8     15    17    4     0     10    20    9
mnhoR15442  308  1     20    6     9     19    8     12    2     20    12    16    22    21    5     16    2     4     2     8     19    8     15    17    4     0     10    20    10
mnhoR15753  310  1     20    6     9     19    8     12    2     20    13    16    23    21    5     16    2     4     3     8     19    8     15    17    4     0     9     20    10
mnhoR20425  308  1     20    6     9     19    8     13    2     20    12    16    22    21    5     16    2     4     1     8     19    8     15    17    4     0     10    20    10
mnhoR22678  307  1     20    6     9     19    8     13    2     20    12    16    22    21    5     16    2     4     1     8     19    8     15    17    4     0     9     20    10
mnhoR24008  307  1     20    6     9     19    8     12    2     20    12    16    22    20    5     16    2     4     2     8     19    8     15    17    4     0     10    20    10
mnhoR27265  310  1     20    6     9     19    8     14    2     20    12    16    22    21    5     16    2     4     2     8     19    8     15    17    4     0     10    20    10
mnhoR29179  307  1     20    6     9     19    8     13    2     20    12    16    22    20    5     16    2     4     1     8     19    8     15    17    4     0     10    20    10
mnhoR32051  307  1     20    6     9     19    8     13    2     20    12    16    22    19    5     16    2     4     2     8     19    8     15    17    4     0     10    20    10
mnhoR6746   308  1     20    6     9     19    8     13    2     20    12    16    22    21    5     16    2     4     2     8     19    8     14    17    4     0     10    20    10
mno_F       308  1     20    6     9     19    8     13    2     20    13    16    22    21    5     16    2     4     1     8     19    8     15    17    4     0     9     20    10
mno_L29587  305  1     20    6     9     19    8     14    2     20    13    16    22    17    5     16    2     4     2     7     19    8     14    17    4     0     10    20    10
mno_R12231  306  1     20    6     9     19    8     12    2     20    12    16    22    20    5     16    2     4     3     7     19    8     15    17    4     0     9     20    10
mno_R15442  306  1     20    6     9     19    8     12    2     20    12    16    22    21    5     16    2     4     1     8     19    8     15    17    4     0     9     20    10
mno_R15753  308  1     20    6     9     19    8     12    2     20    12    16    22    21    5     16    2     4     3     7     19    8     15    17    4     0     10    20    10
mno_R20425  308  1     20    6     9     19    8     13    2     20    13    16    22    21    5     16    2     4     1     8     19    8     15    17    4     0     9     20    10
mno_R22678  309  1     20    6     9     19    8     13    2     20    12    16    22    21    5     16    2     4     2     8     19    8     15    17    4     0     10    20    10
mno_R24008  306  1     20    6     9     19    8     12    2     20    12    16    22    20    5     16    2     4     2     8     19    8     15    17    4     0     9     20    10
mno_R27265  310  1     20    6     9     19    8     14    2     20    12    16    22    21    5     16    2     4     2     8     19    8     15    17    4     0     10    20    10
mno_R29179  306  1     20    6     9     19    8     13    2     20    12    16    22    20    5     16    2     4     1     8     19    8     15    17    4     0     9     20    10
mno_R32051  307  1     20    6     9     19    8     13    2     20    12    16    22    19    5     16    2     4     2     8     19    8     15    17    4     0     10    20    10
mno_R6746   305  1     20    6     9     19    8     13    2     20    12    16    22    21    5     16    2     4     1     8     19    8     13    17    4     0     9     20    10
benchmark   cov  rprt  brmn  blck  cybr  dpt   drvr  lvtr  flrt  frcl  grd   grpp  hn    lgst  mcnc  mprm  myst  nmys  pnst  prcp  prkn  pthw  pgsl  ppsw  ppsw  psr-  rvrs  scnl  skbn  strg  tdyb  tpp  trns  vstl  wdwr  zntr
lm__F7947   443  18    0     26    0     5     12    14    6     8     1     6     12    16    68    20    15    12    11    12    1     4     17    13    7     48    7     4     19    14    11    6    6     9     6     9
lm__L23076  558  26    0     26    3     5     13    15    6     9     1     6     12    18    140   22    16    13    18    13    1     5     17    13    8     48    7     10    19    14    12    6    6     10    9     11
lm__R10831  450  18    0     26    0     5     12    14    6     9     1     6     12    16    68    20    15    12    11    12    1     4     17    13    8     48    7     6     19    14    11    6    6     10    8     9
lm__R21504  448  18    0     26    0     5     12    14    6     9     1     6     12    16    68    19    15    12    11    12    1     4     17    13    8     48    7     5     19    14    11    6    6     10    8     9
lm__R21661  449  18    0     26    0     5     12    14    6     9     1     6     12    16    68    20    15    12    11    12    1     4     17    13    8     48    7     6     19    14    11    6    6     9     8     9
lm__R25103  449  18    0     26    0     5     12    14    6     9     1     6     12    16    68    20    15    12    11    12    1     4     17    13    8     48    7     5     19    14    11    6    6     10    8     9
lm__R26988  447  18    0     26    0     5     12    14    6     8     1     6     12    16    68    20    15    12    12    12    1     4     17    13    8     48    7     4     19    14    11    6    6     9     8     9
lm__R27152  448  18    0     26    0     5     12    14    6     8     1     6     12    16    68    20    15    12    11    12    1     4     17    13    8     48    7     6     19    14    11    6    6     9     8     9
lm__R32733  448  18    0     26    0     5     12    14    6     8     1     6     12    16    68    20    15    12    11    12    1     4     17    13    8     48    7     5     19    14    11    6    6     9     9     9
lm__R4668   451  18    0     26    0     5     12    14    6     9     1     6     12    16    68    20    15    12    12    12    1     4     17    13    8     48    7     6     19    14    11    6    6     9     9     9
lm__R6506   450  18    0     26    0     5     12    14    6     9     1     6     12    16    68    20    15    12    11    12    1     4     17    13    8     48    7     6     19    14    11    6    6     10    8     9
lm__R7809   446  18    0     26    0     5     12    14    6     8     1     6     12    16    68    20    15    12    11    12    1     4     17    13    8     48    7     5     19    14    11    6    6     9     7     9
lm_iF7947   533  21    0     27    5     6     12    14    6     9     1     6     12    20    125   22    16    12    17    12    1     5     17    13    8     48    7     8     19    14    11    6    6     10    6     11
lm_iL23076  549  23    0     26    12    6     13    15    6     9     1     6     12    20    121   22    16    13    18    13    1     5     17    13    8     48    7     9     19    14    12    6    6     10    11    11
lm_iR10831  559  21    0     26    7     6     13    14    6     9     1     6     12    20    139   21    16    13    18    13    1     5     17    13    8     48    7     9     19    15    12    6    6     10    11    11
lm_iR21504  561  22    0     27    7     6     12    15    6     9     1     6     12    20    140   21    15    14    18    13    1     5     17    13    8     48    7     8     19    14    12    6    6     10    12    11
lm_iR21661  563  22    0     27    8     6     12    14    6     9     1     6     12    20    140   20    16    13    18    13    1     5     17    14    8     48    7     9     19    15    12    6    6     10    12    11
lm_iR25103  560  21    0     26    7     6     12    14    6     9     1     6     12    20    139   21    16    13    18    13    1     5     17    14    8     48    7     9     19    15    12    6    6     10    12    11
lm_iR26988  565  21    0     26    8     6     13    14    6     9     1     6     12    20    140   22    16    14    18    13    1     5     17    14    8     48    7     9     19    15    12    6    6     10    12    11
lm_iR27152  563  21    0     27    8     6     13    14    6     9     1     6     12    20    138   21    16    14    18    13    1     5     17    14    8     48    7     9     19    15    12    6    6     10    12    11
lm_iR32733  561  21    0     26    7     6     13    14    6     9     1     6     12    20    139   21    16    14    18    13    1     5     17    14    8     48    7     9     19    14    12    6    6     10    12    11
lm_iR4668   562  22    0     26    9     6     12    15    6     9     1     6     12    20    139   21    15    14    18    13    1     5     17    13    8     48    7     8     19    15    12    6    6     10    12    11
lm_iR6506   563  21    0     27    8     6     13    14    6     9     1     6     12    20    139   21    16    13    18    13    1     5     17    14    8     48    7     9     19    15    12    6    6     10    12    11
lm_iR7809   563  21    0     27    8     6     13    15    6     9     1     6     12    20    139   20    15    14    18    13    1     5     17    14    8     48    7     9     19    15    12    6    6     10    12    11
lmh_F7947   558  27    0     28    2     6     13    15    6     9     1     6     12    20    140   21    16    14    11    13    1     5     17    14    8     48    7     10    19    14    12    6    6     10    10    11
lmh_L23076  565  26    0     28    3     6     13    15    6     9     1     6     12    20    140   21    16    14    18    13    1     5     17    14    8     48    7     10    19    14    12    6    6     10    10    11
lmh_R10831  556  25    0     28    3     6     13    15    6     9     1     6     12    20    140   21    15    14    11    13    1     5     17    14    8     48    7     10    19    14    12    6    6     10    10    11
lmh_R21504  557  25    0     28    4     6     13    15    6     9     1     6     12    20    140   20    15    14    12    13    1     5     17    14    8     48    7     10    19    14    12    6    6     10    10    11
lmh_R21661  561  26    0     28    5     6     13    15    6     9     1     6     12    20    140   21    15    14    12    13    1     5     17    15    8     48    7     10    19    14    12    6    6     10    10    11
lmh_R25103  561  26    0     28    4     6     13    15    6     9     1     6     12    20    140   21    16    14    12    13    1     5     17    15    8     48    7     10    19    14    12    6    6     10    10    11
lmh_R26988  556  25    0     28    2     6     13    15    6     9     1     6     12    20    140   21    15    14    11    13    1     5     17    15    8     48    7     10    19    14    12    6    6     10    10    11
lmh_R27152  559  26    0     28    5     6     13    15    6     9     1     6     12    20    140   21    15    14    11    13    1     5     17    14    8     48    7     10    19    14    12    6    6     10    10    11
lmh_R32733  559  26    0     28    3     6     13    15    6     9     1     6     12    20    140   21    15    14    12    13    1     5     17    15    8     48    7     10    19    14    12    6    6     10    10    11
lmh_R4668   560  26    0     28    5     6     13    15    6     9     1     6     12    20    140   21    15    14    12    13    1     5     17    14    8     48    7     10    19    14    12    6    6     10    10    11
lmh_R6506   561  26    0     28    4     6     13    15    6     9     1     6     12    20    140   21    16    14    12    13    1     5     17    15    8     48    7     10    19    14    12    6    6     10    10    11
lmh_R7809   556  25    0     28    2     6     13    15    6     9     1     6     12    20    140   21    15    14    11    13    1     5     17    15    8     48    7     10    19    14    12    6    6     10    10    11
lmhiF7947   571  27    0     28    8     6     13    15    6     9     1     6     12    20    140   21    16    14    18    13    1     5     17    14    8     48    7     10    19    14    12    6    6     10    10    11
lmhiL23076  575  26    0     28    12    6     13    15    6     9     1     6     12    20    140   21    16    14    18    13    1     5     17    15    8     48    7     10    19    14    12    6    6     10    10    11
lmhiR10831  571  25    0     28    10    6     13    15    6     9     1     6     12    20    140   21    15    14    18    13    1     5     17    15    8     48    7     10    19    14    12    6    6     10    10    11
lmhiR21504  568  25    0     28    8     6     13    15    6     9     1     6     12    20    140   20    15    14    18    13    1     5     17    15    8     48    7     10    19    14    12    6    6     10    10    11
lmhiR21661  572  26    0     28    11    6     13    15    6     9     1     6     12    20    140   21    15    14    18    13    1     5     17    14    8     48    7     10    19    14    12    6    6     10    10    11
lmhiR25103  573  26    0     28    11    6     13    15    6     9     1     6     12    20    140   21    16    14    18    13    1     5     17    14    8     48    7     10    19    14    12    6    6     10    10    11
lmhiR26988  570  25    0     28    10    6     13    15    6     9     1     6     12    20    140   21    15    14    18    13    1     5     17    14    8     48    7     10    19    14    12    6    6     10    10    11
lmhiR27152  572  26    0     28    10    6     13    15    6     9     1     6     12    20    140   21    15    14    18    13    1     5     17    15    8     48    7     10    19    14    12    6    6     10    10    11
lmhiR32733  573  26    0     28    11    6     13    15    6     9     1     6     12    20    140   21    16    14    18    13    1     5     17    14    8     48    7     10    19    14    12    6    6     10    10    11
lmhiR4668   571  26    0     28    9     6     13    15    6     9     1     6     12    20    140   21    16    14    18    13    1     5     17    14    8     48    7     10    19    14    12    6    6     10    10    11
lmhiR6506   573  26    0     28    10    6     13    15    6     9     1     6     12    20    140   21    16    14    18    13    1     5     17    15    8     48    7     10    19    14    12    6    6     10    10    11
lmhiR7809   570  25    0     28    9     6     13    15    6     9     1     6     12    20    140   21    15    14    18    13    1     5     17    15    8     48    7     10    19    14    12    6    6     10    10    11
mn__F4499   460  9     4     21    0     5     12    13    5     15    2     8     14    20    68    23    15    17    15    10    1     4     17    9     13    50    6     10    20    15    0     6    7     9     7     10
mn__L19052  490  9     4     22    0     6     12    13    6     16    2     20    14    20    73    23    15    18    19    10    1     4     19    9     13    50    8     10    20    15    0     6    7     9     7     10
mn__R10404  460  9     4     21    0     5     12    13    5     15    2     8     14    20    68    22    15    18    15    10    1     4     17    9     13    50    6     10    20    15    0     6    7     9     7     10
mn__R11010  461  9     4     21    0     5     12    13    5     15    2     8     14    20    68    22    15    18    15    10    1     4     17    9     13    50    7     10    20    15    0     6    7     9     7     10
mn__R11543  461  9     4     21    0     5     12    13    5     15    2     8     14    20    68    22    15    18    16    10    1     4     17    9     13    50    6     10    20    15    0     6    7     9     7     10
mn__R18939  464  9     4     21    0     5     12    13    5     15    2     8     14    20    70    22    15    18    16    10    1     4     17    9     14    50    6     10    20    15    0     6    7     9     7     10
mn__R22633  462  9     4     21    0     5     12    13    5     15    2     8     14    20    68    22    15    18    16    10    1     4     18    9     13    50    6     10    20    15    0     6    7     9     7     10
mn__R26082  460  9     4     21    0     5     12    13    5     15    2     8     14    20    69    22    15    17    15    10    1     4     17    9     13    50    6     10    20    15    0     6    7     9     7     10
mn__R30213  462  9     4     21    0     5     12    13    5     15    2     8     14    20    68    22    15    18    16    10    1     4     18    9     13    50    6     10    20    15    0     6    7     9     7     10
mn__R30395  459  9     4     21    0     5     12    13    5     15    2     8     14    20    68    22    15    17    15    10    1     4     17    9     13    50    6     10    20    15    0     6    7     9     7     10
mn__R7331   459  9     4     21    0     5     12    13    5     15    2     8     14    20    68    22    15    18    15    10    1     4     17    8     13    50    6     10    20    15    0     6    7     9     7     10
mn__R9559   460  9     4     21    0     5     12    13    5     15    2     8     14    20    68    23    15    18    15    10    1     4     17    8     13    50    6     10    20    15    0     6    7     9     7     10
mn_iF4499   483  9     4     21    0     5     12    11    5     16    2     20    14    20    73    23    15    18    19    10    1     4     18    10    13    50    8     10    19    15    0     6    6     9     7     10
mn_iL19052  484  9     4     22    0     5     12    11    5     16    2     20    14    20    73    23    15    18    19    10    1     4     19    9     13    50    8     10    19    15    0     6    6     9     7     10
mn_iR10404  484  9     4     21    0     5     12    12    5     16    2     20    14    20    72    24    15    18    19    10    1     4     19    10    13    50    7     10    19    15    0     6    6     9     7     10
mn_iR11010  481  9     4     21    0     5     12    12    5     15    2     20    14    20    72    22    15    18    19    10    1     4     19    9     13    50    8     10    19    15    0     6    6     9     7     10
mn_iR11543  483  9     4     21    0     5     12    12    5     16    2     20    14    20    72    23    15    18    19    10    1     4     19    10    13    50    7     10    19    15    0     6    6     9     7     10
mn_iR18939  483  9     4     21    0     5     12    12    5     16    2     20    14    20    73    23    15    18    19    10    1     4     19    9     13    50    7     10    19    15    0     6    6     9     7     10
mn_iR22633  483  9     4     21    0     5     12    12    5     15    2     20    14    20    72    23    15    18    19    10    1     4     19    10    13    50    7     11    19    15    0     6    6     9     7     10
mn_iR26082  484  9     4     21    0     5     12    12    5     16    2     20    14    20    74    22    15    18    19    10    1     4     19    9     13    50    7     11    19    15    0     6    6     9     7     10
mn_iR30213  484  9     4     22    0     5     12    12    5     16    2     20    14    20    72    24    15    18    19    10    1     4     19    9     13    50    7     10    19    15    0     6    6     9     7     10
mn_iR30395  484  9     4     22    0     5     12    12    5     16    2     20    14    20    72    23    15    18    19    10    1     4     19    10    13    50    7     10    19    15    0     6    6     9     7     10
mn_iR7331   483  9     4     22    0     5     12    12    5     16    2     20    14    20    73    22    15    18    19    10    1     4     19    8     13    50    7     11    19    15    0     6    6     9     7     10
mn_iR9559   483  9     4     21    0     5     12    12    5     16    2     20    14    20    74    23    15    18    19    10    1     4     19    8     13    50    7     11    18    15    0     6    6     9     7     10
mnh_F4499   491  9     4     22    0     6     12    13    6     17    2     20    14    20    73    23    15    18    15    10    1     4     19    10    13    50    8     10    20    15    0     7    7     9     7     12
mnh_L19052  496  9     4     22    0     6     12    13    6     17    2     20    14    20    73    24    16    18    19    10    1     4     19    10    13    50    8     10    20    15    0     6    7     9     7     12
mnh_R10404  489  9     4     22    0     5     12    13    6     16    2     20    14    20    73    24    15    18    15    10    1     4     19    10    13    50    8     10    20    15    0     6    7     9     7     12
mnh_R11010  490  9     4     22    0     5     12    13    6     16    2     20    14    20    74    24    15    18    15    10    1     4     19    10    13    50    8     10    20    15    0     6    7     9     7     12
mnh_R11543  490  9     4     22    0     5     12    13    6     16    2     20    14    20    73    24    15    18    16    10    1     4     19    10    13    50    8     10    20    15    0     6    7     9     7     12
mnh_R18939  491  9     4     22    0     5     12    13    6     16    2     20    14    20    73    24    15    18    16    10    1     4     19    10    14    50    8     10    20    15    0     6    7     9     7     12
mnh_R22633  489  9     4     22    0     5     12    13    6     16    2     20    14    20    73    23    15    18    16    10    1     4     19    10    13    50    8     10    20    15    0     6    7     9     7     12
mnh_R26082  490  9     4     22    0     5     12    13    6     16    2     20    14    20    74    24    15    18    15    10    1     4     19    10    13    50    8     10    20    15    0     6    7     9     7     12
mnh_R30213  490  9     4     22    0     5     12    13    6     16    2     20    14    20    73    23    15    18    16    10    1     4     19    10    14    50    8     10    20    15    0     6    7     9     7     12
mnh_R30395  488  9     4     22    0     5     12    13    6     16    2     20    14    20    73    23    15    18    15    10    1     4     19    10    13    50    8     10    20    15    0     6    7     9     7     12
mnh_R7331   488  9     4     22    0     5     12    13    6     16    2     20    14    20    73    24    15    18    15    10    1     4     19    9     13    50    8     10    20    15    0     6    7     9     7     12
mnh_R9559   489  9     4     22    0     5     12    13    6     16    2     20    14    20    74    24    15    18    15    10    1     4     19    9     13    50    8     10    20    15    0     6    7     9     7     12
mnhiF4499   487  9     4     22    0     5     12    12    6     16    2     20    14    20    73    23    15    18    19    10    1     4     19    10    13    50    8     10    19    15    0     6    6     9     7     10
mnhiL19052  487  9     4     21    0     5     12    12    6     16    2     20    14    20    73    24    16    18    19    10    1     4     19    9     13    50    8     10    19    15    0     6    6     9     7     10
mnhiR10404  486  9     4     22    0     5     12    12    6     16    2     20    14    20    72    24    15    18    19    10    1     4     19    10    13    50    7     10    19    15    0     6    6     9     7     10
mnhiR11010  487  9     4     22    0     5     12    12    6     16    2     20    14    20    72    24    15    18    19    10    1     4     19    10    13    50    8     10    19    15    0     6    6     9     7     10
mnhiR11543  485  9     4     22    0     5     12    12    6     16    2     20    14    20    72    23    15    18    19    10    1     4     19    10    13    50    7     10    19    15    0     6    6     9     7     10
mnhiR18939  487  9     4     22    0     5     12    12    6     16    2     20    14    20    73    24    15    18    19    10    1     4     19    10    13    50    7     10    19    15    0     6    6     9     7     10
mnhiR22633  484  9     4     22    0     5     12    12    6     16    2     20    14    20    72    23    15    18    19    10    1     4     19    9     13    50    7     10    19    15    0     6    6     9     7     10
mnhiR26082  488  9     4     22    0     5     12    12    6     16    2     20    14    20    73    24    15    18    19    10    1     4     19    10    13    50    7     10    19    15    0     6    6     9     7     11
mnhiR30213  484  9     4     21    0     5     12    12    6     16    2     20    14    20    72    23    15    18    19    10    1     4     19    10    13    50    7     10    19    15    0     6    6     9     7     10
mnhiR30395  485  9     4     22    0     5     12    12    6     16    2     20    14    20    72    23    15    18    19    10    1     4     19    10    13    50    7     10    19    15    0     6    6     9     7     10
mnhiR7331   484  9     4     22    0     5     12    12    6     16    2     20    14    20    72    23    15    18    19    10    1     4     19    9     13    50    7     10    19    15    0     6    6     9     7     10
mnhiR9559   486  9     4     22    0     5     12    12    6     16    2     20    14    20    74    24    15    18    19    10    1     4     19    9     13    50    7     10    18    15    0     6    6     9     7     10
zerocost    cov  rprt  blck  dpt-  drvr  lvtr  flrt  frcl  grd-  grpp  hkng  lgst  mcnc  mprm  myst  nmys  prkn  pthw  ppsn  ppsw  psr-  rvrs  scnl  skbn  strg  tdyb  tpp-  wdwr  zntr
lm__F1184   212  7     15    4     7     7     8     4     1     7     8     15    10    12    5     9     0     4     6     2     19    7     3     18    4     14    7     2     7
lm__L13955  281  15    17    6     8     13    8     19    1     7     9     16    17    14    5     10    0     5     7     4     19    9     9     18    4     16    11    7     7
lm__R13428  224  7     15    6     7     7     8     5     1     7     8     15    10    11    6     9     0     4     8     4     19    7     3     18    4     15    8     5     7
lm__R14541  222  7     15    6     7     7     8     5     1     7     8     15    10    9     6     9     0     4     9     2     19    7     3     18    4     15    8     6     7
lm__R15177  222  7     15    5     7     7     8     5     1     7     8     15    10    10    7     9     0     4     8     3     19    7     3     18    4     14    8     6     7
lm__R15793  223  7     15    5     7     7     8     5     1     7     8     15    10    12    5     9     0     4     8     3     19    7     3     18    4     15    8     6     7
lm__R18410  225  7     15    6     7     7     8     5     1     7     8     15    10    12    7     9     0     4     9     2     19    7     3     18    4     15    8     5     7
lm__R21035  221  7     15    5     7     7     8     5     1     7     8     15    10    10    6     9     0     4     8     3     19    7     3     18    4     15    8     5     7
lm__R21400  222  7     15    6     7     7     8     5     1     7     8     15    10    9     6     9     0     4     9     3     19    7     3     18    4     14    8     6     7
lm__R24142  225  7     15    6     7     7     8     5     1     7     8     15    10    8     7     9     0     4     9     3     19    7     3     18    5     15    8     7     7
lm__R30819  222  7     15    6     7     7     8     4     1     7     8     15    10    11    6     9     0     4     8     4     19    7     3     18    4     14    8     5     7
lm__R9443   222  7     15    6     7     7     8     5     1     7     8     15    10    9     6     9     0     4     9     3     19    7     3     18    4     14    8     6     7
lm_iF1184   271  10    17    6     8     7     8     17    1     7     9     15    19    21    6     9     0     4     8     4     19    8     6     18    5     15    10    7     7
lm_iL13955  261  13    18    6     8     9     8     10    1     7     9     16    18    14    7     10    0     5     6     3     19    9     5     18    5     15    10    5     7
lm_iR13428  277  10    16    6     8     8     8     17    1     7     9     15    20    20    7     9     0     5     10    4     19    9     4     18    5     16    11    8     7
lm_iR14541  283  11    18    6     8     9     8     15    1     7     9     15    22    20    7     10    0     5     9     5     19    9     5     18    5     16    11    8     7
lm_iR15177  283  10    18    6     8     9     8     17    1     7     9     15    20    19    7     10    0     4     10    6     19    9     5     18    5     16    11    9     7
lm_iR15793  277  10    18    6     8     9     8     16    1     7     9     15    20    19    6     9     0     5     10    5     19    9     5     17    5     16    11    7     7
lm_iR18410  280  11    17    6     8     8     8     17    1     7     9     15    18    21    6     9     0     4     10    5     19    9     5     18    5     16    11    10    7
lm_iR21035  280  10    17    6     8     10    8     17    1     7     9     15    20    19    7     10    0     5     9     5     19    9     4     18    5     16    11    8     7
lm_iR21400  279  10    17    6     8     10    8     16    1     7     9     15    19    18    8     9     0     5     10    5     19    9     4     18    5     16    11    9     7
lm_iR24142  280  10    18    6     8     9     8     17    1     7     9     15    21    19    7     9     0     4     10    5     19    9     4     18    5     16    11    8     7
lm_iR30819  283  10    18    6     8     10    8     17    1     7     9     15    20    19    6     9     0     5     10    5     19    9     5     18    5     16    11    10    7
lm_iR9443   280  11    18    6     8     8     8     17    1     7     9     15    20    19    7     9     0     5     10    5     19    9     5     18    5     16    11    7     7
lmh_F1184   256  15    17    6     8     7     8     4     1     7     9     16    16    15    7     10    0     5     8     3     19    8     9     18    4     16    8     5     7
lmh_L13955  279  13    17    6     8     13    8     19    1     7     9     16    17    14    5     10    0     5     8     4     19    8     9     18    4     16    11    7     7
lmh_R13428  260  14    17    6     8     7     8     5     1     7     9     16    16    16    8     10    0     4     8     4     19    8     9     18    4     16    8     7     7
lmh_R14541  261  13    17    6     8     7     8     5     1     7     9     16    16    18    7     10    0     4     9     3     19    8     10    18    4     16    8     7     7
lmh_R15177  261  13    17    6     8     7     9     5     1     7     9     16    16    17    7     10    0     5     8     4     19    8     9     18    4     16    8     7     7
lmh_R15793  263  14    17    6     8     7     8     5     1     7     9     16    17    17    8     10    0     5     8     4     19    8     9     18    4     16    8     7     7
lmh_R18410  261  14    17    6     8     7     8     5     1     7     9     16    17    16    8     10    0     4     9     3     19    8     9     18    4     16    8     7     7
lmh_R21035  261  14    17    6     8     7     8     5     1     7     9     16    16    18    7     10    0     4     8     4     19    8     9     18    4     16    8     7     7
lmh_R21400  263  14    17    6     8     7     8     5     1     7     9     16    17    17    8     10    0     4     9     4     19    8     9     18    4     16    8     7     7
lmh_R24142  263  14    17    6     8     7     8     5     1     7     9     16    17    17    8     10    0     4     9     4     19    8     9     18    4     16    8     7     7
lmh_R30819  264  14    17    6     8     7     8     4     1     7     9     16    17    18    8     10    0     5     8     4     19    8     9     18    5     16    8     7     7
lmh_R9443   263  14    17    6     8     7     8     5     1     7     9     16    17    17    8     10    0     4     9     4     19    8     9     18    4     16    8     7     7
lmhiF1184   284  14    17    6     8     7     8     17    1     7     9     16    19    22    6     10    0     5     8     3     19    8     9     18    5     16    11    8     7
lmhiL13955  264  13    17    6     8     9     8     10    1     7     9     16    18    14    5     10    0     5     8     3     19    8     10    18    4     16    10    5     7
lmhiR13428  287  15    17    6     8     8     8     17    1     7     9     15    21    20    7     10    0     4     10    4     19    8     9     18    4     16    11    8     7
lmhiR14541  285  14    17    6     8     9     8     15    1     7     9     15    20    20    7     10    0     4     9     4     19    8     9     18    4     16    11    10    7
lmhiR15177  290  14    17    6     8     9     9     17    1     7     9     16    20    20    6     10    0     5     10    5     19    8     10    18    4     16    11    8     7
lmhiR15793  289  14    17    6     8     9     8     16    1     7     9     15    21    20    9     10    0     4     10    5     19    8     9     18    4     16    11    8     7
lmhiR18410  287  14    17    6     8     8     8     16    1     7     9     15    20    21    7     10    0     4     10    5     19    8     9     18    4     16    11    9     7
lmhiR21035  290  14    17    6     8     10    9     17    1     7     9     15    20    20    7     10    0     4     9     5     19    8     10    18    5     16    11    8     7
lmhiR21400  289  13    17    6     8     10    8     16    1     7     9     16    21    20    8     10    0     4     10    5     19    8     9     18    4     16    11    8     7
lmhiR24142  288  14    17    6     8     9     8     17    1     7     9     15    21    20    7     10    0     4     10    5     19    8     9     18    4     16    11    8     7
lmhiR30819  288  14    17    6     8     10    8     17    1     7     9     16    19    20    7     10    0     4     10    5     19    8     9     18    5     16    11    7     7
lmhiR9443   288  14    17    6     8     8     8     17    1     7     9     16    21    20    8     10    0     4     10    4     19    8     9     18    4     16    11    8     7
mn__F27958  235  5     20    5     8     8     8     5     2     8     12    16    19    14    4     15    0     4     3     3     19    8     9     18    4     0     8     2     8
mn__L28267  300  5     20    5     9     14    8     17    2     20    13    16    30    19    4     16    0     4     3     9     19    8     11    18    4     0     10    7     9
mn__R10848  254  5     20    6     8     8     8     8     2     8     12    16    19    15    6     16    0     4     3     7     19    8     9     19    4     0     8     7     9
mn__R11559  257  5     20    6     8     9     8     7     2     8     12    16    20    16    6     16    0     4     4     7     19    8     9     18    4     0     8     8     9
mn__R22342  255  5     20    6     8     9     8     8     2     8     12    16    20    15    6     16    0     4     3     7     19    8     9     18    4     0     8     7     9
mn__R277    257  5     20    6     8     9     8     6     2     8     12    16    20    17    6     16    0     4     4     8     19    8     9     17    4     0     9     7     9
mn__R2894   256  5     20    6     8     8     8     7     2     8     12    16    20    16    6     16    0     4     4     8     19    8     9     18    4     0     8     7     9
mn__R31422  257  5     20    6     8     9     8     7     2     8     13    16    20    16    6     16    0     4     4     8     19    8     9     17    4     0     8     7     9
mn__R31756  250  5     20    6     8     8     8     5     2     8     12    16    21    15    5     16    0     4     3     6     19    8     9     18    4     0     8     7     9
mn__R32650  255  5     20    6     8     9     8     7     2     8     13    16    20    16    6     16    0     4     3     8     19    8     9     17    4     0     8     7     8
mn__R4473   253  5     20    6     8     8     8     6     2     8     12    16    20    17    6     15    0     4     3     7     19    8     9     18    4     0     8     7     9
mn__R7102   255  5     20    6     8     9     8     6     2     8     13    16    20    15    6     16    0     4     3     8     19    8     9     18    4     0     8     7     9
mn_iF27958  295  5     20    6     9     9     7     17    2     20    13    16    30    24    4     15    0     4     5     4     19    8     9     18    4     0     11    7     9
mn_iL28267  274  5     20    5     9     13    8     15    2     10    12    16    30    15    4     16    0     4     3     4     19    8     9     18    4     0     10    6     9
mn_iR10848  302  5     20    6     9     12    7     17    2     18    12    16    30    22    6     16    0     4     5     9     19    8     9     17    4     0     11    9     9
mn_iR11559  305  5     20    6     9     10    8     18    2     19    12    16    30    23    6     16    0     4     5     9     19    8     9     18    4     0     11    9     9
mn_iR22342  303  5     20    6     9     11    8     17    2     20    12    16    30    21    6     16    0     4     5     8     19    8     9     17    4     0     11    9     10
mn_iR277    301  5     20    6     9     10    8     17    2     20    12    16    30    22    6     16    0     4     5     8     19    8     9     17    4     0     11    8     9
mn_iR2894   299  5     20    6     9     12    7     17    2     18    12    16    30    20    6     16    0     4     5     8     19    8     9     17    4     0     11    9     9
mn_iR31422  306  5     20    6     9     10    6     18    2     20    12    16    30    23    6     16    0     4     5     9     19    8     9     18    4     0     11    10    10
mn_iR31756  303  5     20    6     9     12    8     17    2     18    12    16    30    23    6     16    0     4     5     9     19    8     9     17    4     0     11    8     9
mn_iR32650  303  5     20    6     9     10    8     17    2     20    12    16    30    22    6     16    0     4     5     10    19    8     9     17    4     0     11    9     8
mn_iR4473   307  5     20    6     9     12    8     18    2     20    12    16    30    22    6     16    0     4     5     10    19    8     8     18    4     0     11    9     9
mn_iR7102   302  5     20    6     9     10    8     17    2     19    12    16    30    22    6     16    0     4     5     9     19    8     8     17    4     0     11    9     10
mnh_F27958  280  5     20    5     9     8     8     5     2     20    13    16    29    21    4     16    0     4     3     5     19    8     11    19    4     0     9     7     10
mnh_L28267  301  5     20    5     9     14    8     17    2     20    13    16    30    19    4     16    0     4     3     9     19    8     11    19    4     0     10    7     9
mnh_R10848  289  5     20    6     9     8     8     8     2     20    13    16    30    20    6     16    0     4     3     8     19    8     11    18    4     0     9     8     10
mnh_R11559  288  5     20    6     9     9     8     7     2     20    12    16    30    20    6     16    0     4     4     8     19    8     11    18    4     0     9     8     9
mnh_R22342  288  5     20    6     9     9     8     7     2     20    13    16    30    19    6     16    0     4     3     7     19    8     11    18    4     0     10    8     10
mnh_R277    290  5     20    6     9     9     8     6     2     20    13    16    30    20    6     16    0     4     4     8     19    8     11    18    4     0     10    8     10
mnh_R2894   289  5     20    6     9     8     8     7     2     20    13    16    30    19    6     16    0     4     4     8     19    8     11    18    4     0     10    8     10
mnh_R31422  292  5     20    6     9     9     8     7     2     20    13    16    30    21    6     16    0     4     4     8     19    8     11    18    4     0     9     9     10
mnh_R31756  281  5     20    6     9     8     8     5     2     20    12    16    30    19    5     16    0     4     3     7     19    8     11    18    4     0     10    7     9
mnh_R32650  287  5     20    6     9     9     8     7     2     20    13    16    30    19    6     16    0     4     3     8     19    8     11    18    4     0     10    8     8
mnh_R4473   285  5     20    6     9     8     8     6     2     20    13    16    30    19    6     16    0     4     3     7     19    8     11    18    4     0     9     8     10
mnh_R7102   289  5     20    6     9     9     8     6     2     20    13    16    30    20    6     16    0     4     3     8     19    8     11    19    4     0     9     8     10
mnhiF27958  302  5     20    6     9     9     7     17    2     20    13    16    30    25    4     16    0     4     5     5     19    8     11    18    4     0     11    8     10
mnhiL28267  288  5     20    5     9     13    7     15    2     20    12    16    30    15    4     16    0     4     3     6     19    8     11    18    4     0     10    7     9
mnhiR10848  311  5     20    6     9     12    7     17    2     20    12    16    30    24    6     16    0     4     5     9     19    8     11    18    4     0     11    10    10
mnhiR11559  306  5     20    6     9     10    6     18    2     20    12    16    30    24    6     16    0     4     5     9     19    8     11    18    4     0     11    9     8
mnhiR22342  307  5     20    6     9     11    7     17    2     20    12    16    30    23    6     16    0     4     5     8     19    8     11    18    4     0     11    9     10
mnhiR277    306  5     20    6     9     10    7     17    2     20    12    16    30    23    6     16    0     4     5     8     19    8     11    18    4     0     11    9     10
mnhiR2894   307  5     20    6     9     12    7     17    2     20    13    16    30    22    6     16    0     4     5     8     19    8     11    18    4     0     11    8     10
mnhiR31422  309  5     20    6     9     10    7     18    2     20    12    16    30    25    6     16    0     4     5     9     19    8     11    18    4     0     11    8     10
mnhiR31756  311  5     20    6     9     12    7     17    2     20    12    16    30    24    6     16    0     4     5     10    19    8     11    18    4     0     11    11    8
mnhiR32650  306  5     20    6     9     10    7     17    2     20    12    16    30    23    6     16    0     4     5     10    19    8     11    18    4     0     11    9     8
mnhiR4473   310  5     20    6     9     12    7     18    2     20    12    16    30    23    6     16    0     4     5     10    19    8     11    18    4     0     11    8     10
mnhiR7102   311  5     20    6     9     10    6     17    2     20    12    16    30    25    6     16    0     4     5     10    19    8     11    18    4     0     11    11    10
